mc	mn	quarterbeats	duration_qb	mc_onset	mn_onset	timesig	staff	voice	duration	nominal_duration	scalar	tied	tpc	midi	name	octave	chord_id
1	0	0	0.5	0	5/8	3/4	1	1	1/8	1/8	1.0		2	62	D4	4	0
2	1	1/2	0.5	0	0	3/4	1	1	1/8	1/8	1.0		2	62	D4	4	1
2	1	1	0.25	1/8	1/8	3/4	1	1	1/16	1/16	1.0		2	50	D3	3	2
2	1	5/4	0.25	3/16	3/16	3/4	1	1	1/16	1/16	1.0		4	52	E3	3	3
2	1	3/2	0.5	1/4	1/4	3/4	1	1	1/8	1/8	1.0		6	54	F#3	3	4
2	1	2	0.5	3/8	3/8	3/4	1	1	1/8	1/8	1.0		2	50	D3	3	5
2	1	5/2	0.5	1/2	1/2	3/4	1	1	1/8	1/8	1.0		3	57	A3	3	6
2	1	3	0.5	5/8	5/8	3/4	1	1	1/8	1/8	1.0		6	54	F#3	3	7
3	2	7/2	0.5	0	0	3/4	1	1	1/8	1/8	1.0		2	62	D4	4	8
3	2	4	0.5	1/8	1/8	3/4	1	1	1/8	1/8	1.0		3	57	A3	3	9
3	2	9/2	0.5	1/4	1/4	3/4	1	1	1/8	1/8	1.0		6	66	F#4	4	10
3	2	5	0.5	3/8	3/8	3/4	1	1	1/8	1/8	1.0		2	62	D4	4	11
3	2	11/2	0.5	1/2	1/2	3/4	1	1	1/8	1/8	1.0		3	69	A4	4	12
3	2	6	0.5	5/8	5/8	3/4	1	1	1/8	1/8	1.0		0	60	C4	4	13
4	3	13/2	0.5	0	0	3/4	1	1	1/8	1/8	1.0		5	59	B3	3	14
4	3	7	0.25	1/8	1/8	3/4	1	1	1/16	1/16	1.0		4	64	E4	4	15
4	3	29/4	0.25	3/16	3/16	3/4	1	1	1/16	1/16	1.0		6	66	F#4	4	16
4	3	15/2	0.5	1/4	1/4	3/4	1	1	1/8	1/8	1.0		1	67	G4	4	17
4	3	8	0.5	3/8	3/8	3/4	1	1	1/8	1/8	1.0		4	64	E4	4	18
4	3	17/2	0.5	1/2	1/2	3/4	1	1	1/8	1/8	1.0		5	71	B4	4	19
4	3	9	0.5	5/8	5/8	3/4	1	1	1/8	1/8	1.0		2	62	D4	4	20
5	4	19/2	0.5	0	0	3/4	1	1	1/8	1/8	1.0		7	61	C#4	4	21
5	4	10	0.25	1/8	1/8	3/4	1	1	1/16	1/16	1.0		3	57	A3	3	22
5	4	41/4	0.25	3/16	3/16	3/4	1	1	1/16	1/16	1.0		5	59	B3	3	23
5	4	21/2	0.5	1/4	1/4	3/4	1	1	1/8	1/8	1.0		7	61	C#4	4	24
5	4	11	0.5	3/8	3/8	3/4	1	1	1/8	1/8	1.0		3	57	A3	3	25
5	4	23/2	0.5	1/2	1/2	3/4	1	1	1/8	1/8	1.0		4	64	E4	4	26
5	4	12	0.5	5/8	5/8	3/4	1	1	1/8	1/8	1.0		1	55	G3	3	27
6	5	25/2	0.5	0	0	3/4	1	1	1/8	1/8	1.0		6	54	F#3	3	28
6	5	13	0.25	1/8	1/8	3/4	1	1	1/16	1/16	1.0		2	50	D3	3	29
6	5	53/4	0.25	3/16	3/16	3/4	1	1	1/16	1/16	1.0		4	52	E3	3	30
6	5	27/2	0.5	1/4	1/4	3/4	1	1	1/8	1/8	1.0		6	54	F#3	3	31
6	5	14	0.5	3/8	3/8	3/4	1	1	1/8	1/8	1.0		2	50	D3	3	32
6	5	29/2	0.5	1/2	1/2	3/4	1	1	1/8	1/8	1.0		3	57	A3	3	33
6	5	15	0.5	5/8	5/8	3/4	1	1	1/8	1/8	1.0		0	48	C3	3	34
7	6	31/2	0.5	0	0	3/4	1	1	1/8	1/8	1.0		5	47	B2	2	35
7	6	16	0.25	1/8	1/8	3/4	1	1	1/16	1/16	1.0		1	43	G2	2	36
7	6	65/4	0.25	3/16	3/16	3/4	1	1	1/16	1/16	1.0		3	45	A2	2	37
7	6	33/2	0.5	1/4	1/4	3/4	1	1	1/8	1/8	1.0		5	47	B2	2	38
7	6	17	0.5	3/8	3/8	3/4	1	1	1/8	1/8	1.0		1	43	G2	2	39
7	6	35/2	0.5	1/2	1/2	3/4	1	1	1/8	1/8	1.0		4	52	E3	3	40
7	6	18	0.5	5/8	5/8	3/4	1	1	1/8	1/8	1.0		1	43	G2	2	41
8	7	37/2	0.5	0	0	3/4	1	1	1/8	1/8	1.0		6	42	F#2	2	42
8	7	19	0.5	1/8	1/8	3/4	1	1	1/8	1/8	1.0		3	45	A2	2	43
8	7	39/2	0.5	1/4	1/4	3/4	1	1	1/8	1/8	1.0		2	50	D3	3	44
8	7	20	0.5	3/8	3/8	3/4	1	1	1/8	1/8	1.0		1	43	G2	2	45
8	7	41/2	0.5	1/2	1/2	3/4	1	1	1/8	1/8	1.0		3	45	A2	2	46
8	7	21	0.5	5/8	5/8	3/4	1	1	1/8	1/8	1.0		7	49	C#3	3	47
9	8	43/2	1.0	0	0	3/4	1	1	1/4	1/4	1.0		2	50	D3	3	48
9	8	45/2	0.5	1/4	1/4	3/4	1	1	1/8	1/8	1.0		2	38	D2	2	49
9	8	23	0.5	3/8	3/8	3/4	1	1	1/8	1/8	1.0		6	54	F#3	3	50
9	8	47/2	0.25	1/2	1/2	3/4	1	1	1/16	1/16	1.0		1	55	G3	3	51
9	8	95/4	0.25	9/16	9/16	3/4	1	1	1/16	1/16	1.0		6	54	F#3	3	52
9	8	24	0.25	5/8	5/8	3/4	1	1	1/16	1/16	1.0		4	52	E3	3	53
9	8	97/4	0.25	11/16	11/16	3/4	1	1	1/16	1/16	1.0		2	50	D3	3	54
10	9	49/2	0.5	0	0	3/4	1	1	1/8	1/8	1.0		4	52	E3	3	55
10	9	25	0.25	1/8	1/8	3/4	1	1	1/16	1/16	1.0		7	49	C#3	3	56
10	9	101/4	0.25	3/16	3/16	3/4	1	1	1/16	1/16	1.0		2	50	D3	3	57
10	9	51/2	0.5	1/4	1/4	3/4	1	1	1/8	1/8	1.0		4	52	E3	3	58
10	9	26	0.5	3/8	3/8	3/4	1	1	1/8	1/8	1.0		3	45	A2	2	59
10	9	53/2	0.5	1/2	1/2	3/4	1	1	1/8	1/8	1.0		3	57	A3	3	60
10	9	27	0.5	5/8	5/8	3/4	1	1	1/8	1/8	1.0		4	52	E3	3	61
11	10	55/2	0.5	0	0	3/4	1	1	1/8	1/8	1.0		6	54	F#3	3	62
11	10	28	0.25	1/8	1/8	3/4	1	1	1/16	1/16	1.0		2	50	D3	3	63
11	10	113/4	0.25	3/16	3/16	3/4	1	1	1/16	1/16	1.0		4	52	E3	3	64
11	10	57/2	0.5	1/4	1/4	3/4	1	1	1/8	1/8	1.0		6	54	F#3	3	65
11	10	29	0.5	3/8	3/8	3/4	1	1	1/8	1/8	1.0		2	50	D3	3	66
11	10	59/2	0.5	1/2	1/2	3/4	1	1	1/8	1/8	1.0		3	57	A3	3	67
11	10	30	0.5	5/8	5/8	3/4	1	1	1/8	1/8	1.0		6	54	F#3	3	68
12	11	61/2	0.5	0	0	3/4	1	1	1/8	1/8	1.0		2	62	D4	4	69
12	11	31	0.25	1/8	1/8	3/4	1	1	1/16	1/16	1.0		5	59	B3	3	70
12	11	125/4	0.25	3/16	3/16	3/4	1	1	1/16	1/16	1.0		7	61	C#4	4	71
12	11	63/2	0.5	1/4	1/4	3/4	1	1	1/8	1/8	1.0		2	62	D4	4	72
12	11	32	0.5	3/8	3/8	3/4	1	1	1/8	1/8	1.0		5	59	B3	3	73
12	11	65/2	0.5	1/2	1/2	3/4	1	1	1/8	1/8	1.0		6	66	F#4	4	74
12	11	33	0.5	5/8	5/8	3/4	1	1	1/8	1/8	1.0		3	57	A3	3	75
13	12	67/2	0.5	0	0	3/4	1	1	1/8	1/8	1.0		8	56	G#3	3	76
13	12	34	0.5	1/8	1/8	3/4	1	1	1/8	1/8	1.0		5	59	B3	3	77
13	12	69/2	0.5	1/4	1/4	3/4	1	1	1/8	1/8	1.0		4	52	E3	3	78
13	12	35	0.25	3/8	3/8	3/4	1	1	1/16	1/16	1.0		7	61	C#4	4	79
13	12	141/4	0.25	7/16	7/16	3/4	1	1	1/16	1/16	1.0		2	62	D4	4	80
13	12	71/2	0.25	1/2	1/2	3/4	1	1	1/16	1/16	1.0		4	64	E4	4	81
13	12	143/4	0.25	9/16	9/16	3/4	1	1	1/16	1/16	1.0		2	62	D4	4	82
13	12	36	0.25	5/8	5/8	3/4	1	1	1/16	1/16	1.0		7	61	C#4	4	83
13	12	145/4	0.25	11/16	11/16	3/4	1	1	1/16	1/16	1.0		5	59	B3	3	84
14	13	73/2	0.5	0	0	3/4	1	1	1/8	1/8	1.0		7	61	C#4	4	85
14	13	37	0.5	1/8	1/8	3/4	1	1	1/8	1/8	1.0		3	57	A3	3	86
14	13	75/2	0.5	1/4	1/4	3/4	1	1	1/8	1/8	1.0		4	40	E2	2	87
14	13	38	0.25	3/8	3/8	3/4	1	1	1/16	1/16	1.0		2	62	D4	4	88
14	13	153/4	0.25	7/16	7/16	3/4	1	1	1/16	1/16	1.0		4	64	E4	4	89
14	13	77/2	0.25	1/2	1/2	3/4	1	1	1/16	1/16	1.0		6	66	F#4	4	90
14	13	155/4	0.25	9/16	9/16	3/4	1	1	1/16	1/16	1.0		4	64	E4	4	91
14	13	39	0.25	5/8	5/8	3/4	1	1	1/16	1/16	1.0		2	62	D4	4	92
14	13	157/4	0.25	11/16	11/16	3/4	1	1	1/16	1/16	1.0		7	61	C#4	4	93
15	14	79/2	0.5	0	0	3/4	1	1	1/8	1/8	1.0		2	62	D4	4	94
15	14	40	0.5	1/8	1/8	3/4	1	1	1/8	1/8	1.0		5	59	B3	3	95
15	14	81/2	0.5	1/4	1/4	3/4	1	1	1/8	1/8	1.0		4	40	E2	2	96
15	14	41	0.25	3/8	3/8	3/4	1	1	1/16	1/16	1.0		7	61	C#4	4	97
15	14	165/4	0.25	7/16	7/16	3/4	1	1	1/16	1/16	1.0		2	62	D4	4	98
15	14	83/2	0.25	1/2	1/2	3/4	1	1	1/16	1/16	1.0		4	64	E4	4	99
15	14	167/4	0.25	9/16	9/16	3/4	1	1	1/16	1/16	1.0		2	62	D4	4	100
15	14	42	0.25	5/8	5/8	3/4	1	1	1/16	1/16	1.0		7	61	C#4	4	101
15	14	169/4	0.25	11/16	11/16	3/4	1	1	1/16	1/16	1.0		5	59	B3	3	102
16	15	85/2	0.25	0	0	3/4	1	1	1/16	1/16	1.0		7	61	C#4	4	103
16	15	171/4	0.25	1/16	1/16	3/4	1	1	1/16	1/16	1.0		5	59	B3	3	104
16	15	43	0.25	1/8	1/8	3/4	1	1	1/16	1/16	1.0		3	57	A3	3	105
16	15	173/4	0.25	3/16	3/16	3/4	1	1	1/16	1/16	1.0		8	56	G#3	3	106
16	15	87/2	0.25	1/4	1/4	3/4	1	1	1/16	1/16	1.0		3	57	A3	3	107
16	15	175/4	0.25	5/16	5/16	3/4	1	1	1/16	1/16	1.0		8	56	G#3	3	108
16	15	44	0.25	3/8	3/8	3/4	1	1	1/16	1/16	1.0		3	57	A3	3	109
16	15	177/4	0.25	7/16	7/16	3/4	1	1	1/16	1/16	1.0		5	59	B3	3	110
16	15	89/2	0.25	1/2	1/2	3/4	1	1	1/16	1/16	1.0		7	61	C#4	4	111
16	15	179/4	0.25	9/16	9/16	3/4	1	1	1/16	1/16	1.0		5	59	B3	3	112
16	15	45	0.25	5/8	5/8	3/4	1	1	1/16	1/16	1.0		3	57	A3	3	113
16	15	181/4	0.25	11/16	11/16	3/4	1	1	1/16	1/16	1.0		8	56	G#3	3	114
17	16	91/2	0.25	0	0	3/4	1	1	1/16	1/16	1.0		3	57	A3	3	115
17	16	183/4	0.25	1/16	1/16	3/4	1	1	1/16	1/16	1.0		8	56	G#3	3	116
17	16	46	0.25	1/8	1/8	3/4	1	1	1/16	1/16	1.0		6	54	F#3	3	117
17	16	185/4	0.25	3/16	3/16	3/4	1	1	1/16	1/16	1.0		4	52	E3	3	118
17	16	93/2	0.25	1/4	1/4	3/4	1	1	1/16	1/16	1.0		6	54	F#3	3	119
17	16	187/4	0.25	5/16	5/16	3/4	1	1	1/16	1/16	1.0		4	52	E3	3	120
17	16	47	0.25	3/8	3/8	3/4	1	1	1/16	1/16	1.0		6	54	F#3	3	121
17	16	189/4	0.25	7/16	7/16	3/4	1	1	1/16	1/16	1.0		8	56	G#3	3	122
17	16	95/2	0.25	1/2	1/2	3/4	1	1	1/16	1/16	1.0		3	57	A3	3	123
17	16	191/4	0.25	9/16	9/16	3/4	1	1	1/16	1/16	1.0		8	56	G#3	3	124
17	16	48	0.25	5/8	5/8	3/4	1	1	1/16	1/16	1.0		6	54	F#3	3	125
17	16	193/4	0.25	11/16	11/16	3/4	1	1	1/16	1/16	1.0		4	52	E3	3	126
18	17	97/2	0.25	0	0	3/4	1	1	1/16	1/16	1.0		6	54	F#3	3	127
18	17	195/4	0.25	1/16	1/16	3/4	1	1	1/16	1/16	1.0		4	52	E3	3	128
18	17	49	0.25	1/8	1/8	3/4	1	1	1/16	1/16	1.0		2	50	D3	3	129
18	17	197/4	0.25	3/16	3/16	3/4	1	1	1/16	1/16	1.0		7	49	C#3	3	130
18	17	99/2	0.25	1/4	1/4	3/4	1	1	1/16	1/16	1.0		2	50	D3	3	131
18	17	199/4	0.25	5/16	5/16	3/4	1	1	1/16	1/16	1.0		7	49	C#3	3	132
18	17	50	0.25	3/8	3/8	3/4	1	1	1/16	1/16	1.0		2	50	D3	3	133
18	17	201/4	0.25	7/16	7/16	3/4	1	1	1/16	1/16	1.0		4	52	E3	3	134
18	17	101/2	0.25	1/2	1/2	3/4	1	1	1/16	1/16	1.0		6	54	F#3	3	135
18	17	203/4	0.25	9/16	9/16	3/4	1	1	1/16	1/16	1.0		4	52	E3	3	136
18	17	51	0.25	5/8	5/8	3/4	1	1	1/16	1/16	1.0		2	50	D3	3	137
18	17	205/4	0.25	11/16	11/16	3/4	1	1	1/16	1/16	1.0		7	49	C#3	3	138
19	18	103/2	0.25	0	0	3/4	1	1	1/16	1/16	1.0		2	50	D3	3	139
19	18	207/4	0.25	1/16	1/16	3/4	1	1	1/16	1/16	1.0		7	49	C#3	3	140
19	18	52	0.25	1/8	1/8	3/4	1	1	1/16	1/16	1.0		5	47	B2	2	141
19	18	209/4	0.25	3/16	3/16	3/4	1	1	1/16	1/16	1.0		3	45	A2	2	142
19	18	105/2	0.25	1/4	1/4	3/4	1	1	1/16	1/16	1.0		5	47	B2	2	143
19	18	211/4	0.25	5/16	5/16	3/4	1	1	1/16	1/16	1.0		7	49	C#3	3	144
19	18	53	0.25	3/8	3/8	3/4	1	1	1/16	1/16	1.0		2	50	D3	3	145
19	18	213/4	0.25	7/16	7/16	3/4	1	1	1/16	1/16	1.0		4	52	E3	3	146
19	18	107/2	0.25	1/2	1/2	3/4	1	1	1/16	1/16	1.0		6	54	F#3	3	147
19	18	215/4	0.25	9/16	9/16	3/4	1	1	1/16	1/16	1.0		8	56	G#3	3	148
19	18	54	0.25	5/8	5/8	3/4	1	1	1/16	1/16	1.0		3	57	A3	3	149
19	18	217/4	0.25	11/16	11/16	3/4	1	1	1/16	1/16	1.0		6	54	F#3	3	150
20	19	109/2	0.25	0	0	3/4	1	1	1/16	1/16	1.0		8	56	G#3	3	151
20	19	219/4	0.25	1/16	1/16	3/4	1	1	1/16	1/16	1.0		6	54	F#3	3	152
20	19	55	0.25	1/8	1/8	3/4	1	1	1/16	1/16	1.0		4	52	E3	3	153
20	19	221/4	0.25	3/16	3/16	3/4	1	1	1/16	1/16	1.0		2	50	D3	3	154
20	19	111/2	0.25	1/4	1/4	3/4	1	1	1/16	1/16	1.0		4	52	E3	3	155
20	19	223/4	0.25	5/16	5/16	3/4	1	1	1/16	1/16	1.0		6	54	F#3	3	156
20	19	56	0.25	3/8	3/8	3/4	1	1	1/16	1/16	1.0		8	56	G#3	3	157
20	19	225/4	0.25	7/16	7/16	3/4	1	1	1/16	1/16	1.0		3	57	A3	3	158
20	19	113/2	0.25	1/2	1/2	3/4	1	1	1/16	1/16	1.0		5	59	B3	3	159
20	19	227/4	0.25	9/16	9/16	3/4	1	1	1/16	1/16	1.0		7	61	C#4	4	160
20	19	57	0.25	5/8	5/8	3/4	1	1	1/16	1/16	1.0		2	62	D4	4	161
20	19	229/4	0.25	11/16	11/16	3/4	1	1	1/16	1/16	1.0		5	59	B3	3	162
21	20	115/2	0.5	0	0	3/4	1	1	1/8	1/8	1.0		7	61	C#4	4	163
21	20	58	0.25	1/8	1/8	3/4	1	1	1/16	1/16	1.0		3	57	A3	3	164
21	20	233/4	0.25	3/16	3/16	3/4	1	1	1/16	1/16	1.0		5	59	B3	3	165
21	20	117/2	0.5	1/4	1/4	3/4	1	1	1/8	1/8	1.0		7	61	C#4	4	166
21	20	59	0.5	3/8	3/8	3/4	1	1	1/8	1/8	1.0		3	57	A3	3	167
21	20	119/2	0.5	1/2	1/2	3/4	1	1	1/8	1/8	1.0		4	64	E4	4	168
21	20	60	0.5	5/8	5/8	3/4	1	1	1/8	1/8	1.0		7	61	C#4	4	169
22	21	121/2	0.5	0	0	3/4	1	1	1/8	1/8	1.0		3	69	A4	4	170
22	21	61	0.25	1/8	1/8	3/4	1	1	1/16	1/16	1.0		6	54	F#3	3	171
22	21	245/4	0.25	3/16	3/16	3/4	1	1	1/16	1/16	1.0		8	56	G#3	3	172
22	21	123/2	0.5	1/4	1/4	3/4	1	1	1/8	1/8	1.0		3	57	A3	3	173
22	21	62	0.5	3/8	3/8	3/4	1	1	1/8	1/8	1.0		6	54	F#3	3	174
22	21	125/2	0.5	1/2	1/2	3/4	1	1	1/8	1/8	1.0		7	61	C#4	4	175
22	21	63	0.5	5/8	5/8	3/4	1	1	1/8	1/8	1.0		3	57	A3	3	176
23	22	127/2	0.5	0	0	3/4	1	1	1/8	1/8	1.0		3	69	A4	4	177
23	22	64	0.25	1/8	1/8	3/4	1	1	1/16	1/16	1.0		7	49	C#3	3	178
23	22	257/4	0.25	3/16	3/16	3/4	1	1	1/16	1/16	1.0		2	50	D3	3	179
23	22	129/2	0.5	1/4	1/4	3/4	1	1	1/8	1/8	1.0		4	52	E3	3	180
23	22	65	0.5	3/8	3/8	3/4	1	1	1/8	1/8	1.0		7	49	C#3	3	181
23	22	131/2	0.5	1/2	1/2	3/4	1	1	1/8	1/8	1.0		3	57	A3	3	182
23	22	66	0.5	5/8	5/8	3/4	1	1	1/8	1/8	1.0		4	52	E3	3	183
24	23	133/2	0.25	0	0	3/4	1	1	1/16	1/16	1.0		6	54	F#3	3	184
24	23	267/4	0.25	1/16	1/16	3/4	1	1	1/16	1/16	1.0		4	52	E3	3	185
24	23	67	0.25	1/8	1/8	3/4	1	1	1/16	1/16	1.0		2	50	D3	3	186
24	23	269/4	0.25	3/16	3/16	3/4	1	1	1/16	1/16	1.0		7	49	C#3	3	187
24	23	135/2	0.25	1/4	1/4	3/4	1	1	1/16	1/16	1.0		2	50	D3	3	188
24	23	271/4	0.25	5/16	5/16	3/4	1	1	1/16	1/16	1.0		5	47	B2	2	189
24	23	68	0.25	3/8	3/8	3/4	1	1	1/16	1/16	1.0		8	56	G#3	3	190
24	23	273/4	0.25	7/16	7/16	3/4	1	1	1/16	1/16	1.0		6	54	F#3	3	191
24	23	137/2	0.25	1/2	1/2	3/4	1	1	1/16	1/16	1.0		3	57	A3	3	192
24	23	275/4	0.25	9/16	9/16	3/4	1	1	1/16	1/16	1.0		8	56	G#3	3	193
24	23	69	0.25	5/8	5/8	3/4	1	1	1/16	1/16	1.0		6	54	F#3	3	194
24	23	277/4	0.25	11/16	11/16	3/4	1	1	1/16	1/16	1.0		4	52	E3	3	195
25	24	139/2	0.25	0	0	3/4	1	1	1/16	1/16	1.0		5	59	B3	3	196
25	24	279/4	0.25	1/16	1/16	3/4	1	1	1/16	1/16	1.0		3	57	A3	3	197
25	24	70	0.25	1/8	1/8	3/4	1	1	1/16	1/16	1.0		8	56	G#3	3	198
25	24	281/4	0.25	3/16	3/16	3/4	1	1	1/16	1/16	1.0		6	54	F#3	3	199
25	24	141/2	0.25	1/4	1/4	3/4	1	1	1/16	1/16	1.0		8	56	G#3	3	200
25	24	283/4	0.25	5/16	5/16	3/4	1	1	1/16	1/16	1.0		4	52	E3	3	201
25	24	71	0.25	3/8	3/8	3/4	1	1	1/16	1/16	1.0		7	61	C#4	4	202
25	24	285/4	0.25	7/16	7/16	3/4	1	1	1/16	1/16	1.0		5	59	B3	3	203
25	24	143/2	0.25	1/2	1/2	3/4	1	1	1/16	1/16	1.0		2	62	D4	4	204
25	24	287/4	0.25	9/16	9/16	3/4	1	1	1/16	1/16	1.0		7	61	C#4	4	205
25	24	72	0.25	5/8	5/8	3/4	1	1	1/16	1/16	1.0		5	59	B3	3	206
25	24	289/4	0.25	11/16	11/16	3/4	1	1	1/16	1/16	1.0		3	57	A3	3	207
26	25	145/2	0.25	0	0	3/4	1	1	1/16	1/16	1.0		4	64	E4	4	208
26	25	291/4	0.25	1/16	1/16	3/4	1	1	1/16	1/16	1.0		2	62	D4	4	209
26	25	73	0.25	1/8	1/8	3/4	1	1	1/16	1/16	1.0		7	61	C#4	4	210
26	25	293/4	0.25	3/16	3/16	3/4	1	1	1/16	1/16	1.0		5	59	B3	3	211
26	25	147/2	0.25	1/4	1/4	3/4	1	1	1/16	1/16	1.0		7	61	C#4	4	212
26	25	295/4	0.25	5/16	5/16	3/4	1	1	1/16	1/16	1.0		3	57	A3	3	213
26	25	74	0.25	3/8	3/8	3/4	1	1	1/16	1/16	1.0		6	66	F#4	4	214
26	25	297/4	0.25	7/16	7/16	3/4	1	1	1/16	1/16	1.0		4	64	E4	4	215
26	25	149/2	0.25	1/2	1/2	3/4	1	1	1/16	1/16	1.0		1	67	G4	4	216
26	25	299/4	0.25	9/16	9/16	3/4	1	1	1/16	1/16	1.0		6	66	F#4	4	217
26	25	75	0.25	5/8	5/8	3/4	1	1	1/16	1/16	1.0		4	64	E4	4	218
26	25	301/4	0.25	11/16	11/16	3/4	1	1	1/16	1/16	1.0		2	62	D4	4	219
27	26	151/2	0.5	0	0	3/4	1	1	1/8	1/8	1.0		5	71	B4	4	220
27	26	76	0.25	1/8	1/8	3/4	1	1	1/16	1/16	1.0		8	68	G#4	4	221
27	26	305/4	0.25	3/16	3/16	3/4	1	1	1/16	1/16	1.0		3	69	A4	4	222
27	26	153/2	0.5	1/4	1/4	3/4	1	1	1/8	1/8	1.0		5	71	B4	4	223
27	26	77	0.5	3/8	3/8	3/4	1	1	1/8	1/8	1.0		4	64	E4	4	224
27	26	155/2	0.5	1/2	1/2	3/4	1	1	1/8	1/8	1.0		8	68	G#4	4	225
27	26	78	0.5	5/8	5/8	3/4	1	1	1/8	1/8	1.0		2	62	D4	4	226
28	27	157/2	0.5	0	0	3/4	1	1	1/8	1/8	1.0		7	61	C#4	4	227
28	27	79	0.25	1/8	1/8	3/4	1	1	1/16	1/16	1.0		3	57	A3	3	228
28	27	317/4	0.25	3/16	3/16	3/4	1	1	1/16	1/16	1.0		5	59	B3	3	229
28	27	159/2	0.5	1/4	1/4	3/4	1	1	1/8	1/8	1.0		7	61	C#4	4	230
28	27	80	0.5	3/8	3/8	3/4	1	1	1/8	1/8	1.0		4	52	E3	3	231
28	27	161/2	0.5	1/2	1/2	3/4	1	1	1/8	1/8	1.0		8	56	G#3	3	232
28	27	81	0.5	5/8	5/8	3/4	1	1	1/8	1/8	1.0		2	50	D3	3	233
29	28	163/2	2.0	0	0	3/4	1	1	1/2	1/2	1.0		3	45	A2	2	234
29	28	84	0.5	5/8	5/8	3/4	1	1	1/8	1/8	1.0		3	69	A4	4	235
30	29	169/2	0.5	0	0	3/4	1	1	1/8	1/8	1.0		3	69	A4	4	236
30	29	85	0.25	1/8	1/8	3/4	1	1	1/16	1/16	1.0		4	64	E4	4	237
30	29	341/4	0.25	3/16	3/16	3/4	1	1	1/16	1/16	1.0		2	62	D4	4	238
30	29	171/2	0.5	1/4	1/4	3/4	1	1	1/8	1/8	1.0		7	61	C#4	4	239
30	29	86	0.5	3/8	3/8	3/4	1	1	1/8	1/8	1.0		4	64	E4	4	240
30	29	173/2	0.5	1/2	1/2	3/4	1	1	1/8	1/8	1.0		3	57	A3	3	241
30	29	87	0.5	5/8	5/8	3/4	1	1	1/8	1/8	1.0		7	61	C#4	4	242
31	30	175/2	0.5	0	0	3/4	1	1	1/8	1/8	1.0		4	52	E3	3	243
31	30	88	0.5	1/8	1/8	3/4	1	1	1/8	1/8	1.0		3	57	A3	3	244
31	30	177/2	0.5	1/4	1/4	3/4	1	1	1/8	1/8	1.0		7	49	C#3	3	245
31	30	89	0.5	3/8	3/8	3/4	1	1	1/8	1/8	1.0		4	52	E3	3	246
31	30	179/2	0.5	1/2	1/2	3/4	1	1	1/8	1/8	1.0		3	45	A2	2	247
31	30	90	0.5	5/8	5/8	3/4	1	1	1/8	1/8	1.0		1	43	G2	2	248
32	31	181/2	0.5	0	0	3/4	1	1	1/8	1/8	1.0		6	42	F#2	2	249
32	31	91	0.25	1/8	1/8	3/4	1	1	1/16	1/16	1.0		1	55	G3	3	250
32	31	365/4	0.25	3/16	3/16	3/4	1	1	1/16	1/16	1.0		6	54	F#3	3	251
32	31	183/2	0.5	1/4	1/4	3/4	1	1	1/8	1/8	1.0		4	52	E3	3	252
32	31	92	0.5	3/8	3/8	3/4	1	1	1/8	1/8	1.0		2	62	D4	4	253
32	31	185/2	0.5	1/2	1/2	3/4	1	1	1/8	1/8	1.0		7	61	C#4	4	254
32	31	93	0.5	5/8	5/8	3/4	1	1	1/8	1/8	1.0		1	67	G4	4	255
33	32	187/2	0.5	0	0	3/4	1	1	1/8	1/8	1.0		6	66	F#4	4	256
33	32	94	0.5	1/8	1/8	3/4	1	1	1/8	1/8	1.0		2	62	D4	4	257
33	32	189/2	0.5	1/4	1/4	3/4	1	1	1/8	1/8	1.0		2	50	D3	3	258
33	32	95	0.25	3/8	3/8	3/4	1	1	1/16	1/16	1.0		6	66	F#4	4	259
33	32	381/4	0.25	7/16	7/16	3/4	1	1	1/16	1/16	1.0		4	64	E4	4	260
33	32	191/2	0.25	1/2	1/2	3/4	1	1	1/16	1/16	1.0		1	67	G4	4	261
33	32	383/4	0.25	9/16	9/16	3/4	1	1	1/16	1/16	1.0		6	66	F#4	4	262
33	32	96	0.25	5/8	5/8	3/4	1	1	1/16	1/16	1.0		4	64	E4	4	263
33	32	385/4	0.25	11/16	11/16	3/4	1	1	1/16	1/16	1.0		2	62	D4	4	264
34	33	193/2	0.5	0	0	3/4	1	1	1/8	1/8	1.0		4	64	E4	4	265
34	33	97	0.5	1/8	1/8	3/4	1	1	1/8	1/8	1.0		7	61	C#4	4	266
34	33	195/2	0.5	1/4	1/4	3/4	1	1	1/8	1/8	1.0		3	45	A2	2	267
34	33	98	0.25	3/8	3/8	3/4	1	1	1/16	1/16	1.0		4	64	E4	4	268
34	33	393/4	0.25	7/16	7/16	3/4	1	1	1/16	1/16	1.0		2	62	D4	4	269
34	33	197/2	0.25	1/2	1/2	3/4	1	1	1/16	1/16	1.0		6	66	F#4	4	270
34	33	395/4	0.25	9/16	9/16	3/4	1	1	1/16	1/16	1.0		4	64	E4	4	271
34	33	99	0.25	5/8	5/8	3/4	1	1	1/16	1/16	1.0		2	62	D4	4	272
34	33	397/4	0.25	11/16	11/16	3/4	1	1	1/16	1/16	1.0		7	61	C#4	4	273
35	34	199/2	0.5	0	0	3/4	1	1	1/8	1/8	1.0		2	62	D4	4	274
35	34	100	0.5	1/8	1/8	3/4	1	1	1/8	1/8	1.0		6	54	F#3	3	275
35	34	201/2	0.5	1/4	1/4	3/4	1	1	1/8	1/8	1.0		5	47	B2	2	276
35	34	101	0.25	3/8	3/8	3/4	1	1	1/16	1/16	1.0		7	49	C#3	3	277
35	34	405/4	0.25	7/16	7/16	3/4	1	1	1/16	1/16	1.0		2	50	D3	3	278
35	34	203/2	0.25	1/2	1/2	3/4	1	1	1/16	1/16	1.0		4	52	E3	3	279
35	34	407/4	0.25	9/16	9/16	3/4	1	1	1/16	1/16	1.0		2	50	D3	3	280
35	34	102	0.25	5/8	5/8	3/4	1	1	1/16	1/16	1.0		4	52	E3	3	281
35	34	409/4	0.25	11/16	11/16	3/4	1	1	1/16	1/16	1.0		6	54	F#3	3	282
36	35	205/2	0.25	0	0	3/4	1	1	1/16	1/16	1.0		4	52	E3	3	283
36	35	411/4	0.25	1/16	1/16	3/4	1	1	1/16	1/16	1.0		6	54	F#3	3	284
36	35	103	0.25	1/8	1/8	3/4	1	1	1/16	1/16	1.0		1	55	G3	3	285
36	35	413/4	0.25	3/16	3/16	3/4	1	1	1/16	1/16	1.0		6	54	F#3	3	286
36	35	207/2	0.25	1/4	1/4	3/4	1	1	1/16	1/16	1.0		1	55	G3	3	287
36	35	415/4	0.25	5/16	5/16	3/4	1	1	1/16	1/16	1.0		3	57	A3	3	288
36	35	104	0.25	3/8	3/8	3/4	1	1	1/16	1/16	1.0		1	55	G3	3	289
36	35	417/4	0.25	7/16	7/16	3/4	1	1	1/16	1/16	1.0		3	57	A3	3	290
36	35	209/2	0.25	1/2	1/2	3/4	1	1	1/16	1/16	1.0		5	59	B3	3	291
36	35	419/4	0.25	9/16	9/16	3/4	1	1	1/16	1/16	1.0		7	61	C#4	4	292
36	35	105	0.25	5/8	5/8	3/4	1	1	1/16	1/16	1.0		2	62	D4	4	293
36	35	421/4	0.25	11/16	11/16	3/4	1	1	1/16	1/16	1.0		5	59	B3	3	294
37	36	211/2	0.5	0	0	3/4	1	1	1/8	1/8	1.0		7	61	C#4	4	295
37	36	106	0.5	1/8	1/8	3/4	1	1	1/8	1/8	1.0		1	55	G3	3	296
37	36	213/2	0.5	1/4	1/4	3/4	1	1	1/8	1/8	1.0		3	45	A2	2	297
37	36	107	0.25	3/8	3/8	3/4	1	1	1/16	1/16	1.0		5	47	B2	2	298
37	36	429/4	0.25	7/16	7/16	3/4	1	1	1/16	1/16	1.0		7	49	C#3	3	299
37	36	215/2	0.25	1/2	1/2	3/4	1	1	1/16	1/16	1.0		2	50	D3	3	300
37	36	431/4	0.25	9/16	9/16	3/4	1	1	1/16	1/16	1.0		7	49	C#3	3	301
37	36	108	0.25	5/8	5/8	3/4	1	1	1/16	1/16	1.0		2	50	D3	3	302
37	36	433/4	0.25	11/16	11/16	3/4	1	1	1/16	1/16	1.0		4	52	E3	3	303
38	37	217/2	0.25	0	0	3/4	1	1	1/16	1/16	1.0		2	50	D3	3	304
38	37	435/4	0.25	1/16	1/16	3/4	1	1	1/16	1/16	1.0		4	52	E3	3	305
38	37	109	0.25	1/8	1/8	3/4	1	1	1/16	1/16	1.0		6	54	F#3	3	306
38	37	437/4	0.25	3/16	3/16	3/4	1	1	1/16	1/16	1.0		4	52	E3	3	307
38	37	219/2	0.25	1/4	1/4	3/4	1	1	1/16	1/16	1.0		6	54	F#3	3	308
38	37	439/4	0.25	5/16	5/16	3/4	1	1	1/16	1/16	1.0		1	55	G3	3	309
38	37	110	0.25	3/8	3/8	3/4	1	1	1/16	1/16	1.0		6	54	F#3	3	310
38	37	441/4	0.25	7/16	7/16	3/4	1	1	1/16	1/16	1.0		1	55	G3	3	311
38	37	221/2	0.25	1/2	1/2	3/4	1	1	1/16	1/16	1.0		3	57	A3	3	312
38	37	443/4	0.25	9/16	9/16	3/4	1	1	1/16	1/16	1.0		5	59	B3	3	313
38	37	111	0.25	5/8	5/8	3/4	1	1	1/16	1/16	1.0		7	61	C#4	4	314
38	37	445/4	0.25	11/16	11/16	3/4	1	1	1/16	1/16	1.0		3	57	A3	3	315
39	38	223/2	0.5	0	0	3/4	1	1	1/8	1/8	1.0		5	59	B3	3	316
39	38	112	0.5	1/8	1/8	3/4	1	1	1/8	1/8	1.0		6	54	F#3	3	317
39	38	225/2	0.5	1/4	1/4	3/4	1	1	1/8	1/8	1.0		1	43	G2	2	318
39	38	113	0.25	3/8	3/8	3/4	1	1	1/16	1/16	1.0		3	45	A2	2	319
39	38	453/4	0.25	7/16	7/16	3/4	1	1	1/16	1/16	1.0		5	47	B2	2	320
39	38	227/2	0.25	1/2	1/2	3/4	1	1	1/16	1/16	1.0		7	49	C#3	3	321
39	38	455/4	0.25	9/16	9/16	3/4	1	1	1/16	1/16	1.0		5	47	B2	2	322
39	38	114	0.25	5/8	5/8	3/4	1	1	1/16	1/16	1.0		7	49	C#3	3	323
39	38	457/4	0.25	11/16	11/16	3/4	1	1	1/16	1/16	1.0		2	50	D3	3	324
40	39	229/2	0.25	0	0	3/4	1	1	1/16	1/16	1.0		7	49	C#3	3	325
40	39	459/4	0.25	1/16	1/16	3/4	1	1	1/16	1/16	1.0		2	50	D3	3	326
40	39	115	0.25	1/8	1/8	3/4	1	1	1/16	1/16	1.0		4	52	E3	3	327
40	39	461/4	0.25	3/16	3/16	3/4	1	1	1/16	1/16	1.0		2	50	D3	3	328
40	39	231/2	0.25	1/4	1/4	3/4	1	1	1/16	1/16	1.0		4	52	E3	3	329
40	39	463/4	0.25	5/16	5/16	3/4	1	1	1/16	1/16	1.0		6	54	F#3	3	330
40	39	116	0.25	3/8	3/8	3/4	1	1	1/16	1/16	1.0		4	52	E3	3	331
40	39	465/4	0.25	7/16	7/16	3/4	1	1	1/16	1/16	1.0		6	54	F#3	3	332
40	39	233/2	0.25	1/2	1/2	3/4	1	1	1/16	1/16	1.0		1	55	G3	3	333
40	39	467/4	0.25	9/16	9/16	3/4	1	1	1/16	1/16	1.0		3	57	A3	3	334
40	39	117	0.25	5/8	5/8	3/4	1	1	1/16	1/16	1.0		5	59	B3	3	335
40	39	469/4	0.25	11/16	11/16	3/4	1	1	1/16	1/16	1.0		1	55	G3	3	336
41	40	235/2	0.25	0	0	3/4	1	1	1/16	1/16	1.0		4	52	E3	3	337
41	40	471/4	0.25	1/16	1/16	3/4	1	1	1/16	1/16	1.0		2	62	D4	4	338
41	40	118	0.25	1/8	1/8	3/4	1	1	1/16	1/16	1.0		7	61	C#4	4	339
41	40	473/4	0.25	3/16	3/16	3/4	1	1	1/16	1/16	1.0		5	59	B3	3	340
41	40	237/2	0.25	1/4	1/4	3/4	1	1	1/16	1/16	1.0		10	58	A#3	3	341
41	40	475/4	0.25	5/16	5/16	3/4	1	1	1/16	1/16	1.0		1	67	G4	4	342
41	40	119	0.25	3/8	3/8	3/4	1	1	1/16	1/16	1.0		6	66	F#4	4	343
41	40	477/4	0.25	7/16	7/16	3/4	1	1	1/16	1/16	1.0		4	64	E4	4	344
41	40	239/2	0.25	1/2	1/2	3/4	1	1	1/16	1/16	1.0		5	71	B4	4	345
41	40	479/4	0.25	9/16	9/16	3/4	1	1	1/16	1/16	1.0		10	70	A#4	4	346
41	40	120	0.25	5/8	5/8	3/4	1	1	1/16	1/16	1.0		8	68	G#4	4	347
41	40	481/4	0.25	11/16	11/16	3/4	1	1	1/16	1/16	1.0		6	66	F#4	4	348
42	41	241/2	0.5	0	0	3/4	1	1	1/8	1/8	1.0		5	71	B4	4	349
42	41	121	0.25	1/8	1/8	3/4	1	1	1/16	1/16	1.0		3	69	A4	4	350
42	41	485/4	0.25	3/16	3/16	3/4	1	1	1/16	1/16	1.0		1	67	G4	4	351
42	41	243/2	0.25	1/4	1/4	3/4	1	1	1/16	1/16	1.0		6	66	F#4	4	352
42	41	487/4	0.25	5/16	5/16	3/4	1	1	1/16	1/16	1.0		4	64	E4	4	353
42	41	122	0.25	3/8	3/8	3/4	1	1	1/16	1/16	1.0		2	62	D4	4	354
42	41	489/4	0.25	7/16	7/16	3/4	1	1	1/16	1/16	1.0		7	61	C#4	4	355
42	41	245/2	0.25	1/2	1/2	3/4	1	1	1/16	1/16	1.0		2	62	D4	4	356
42	41	491/4	0.25	9/16	9/16	3/4	1	1	1/16	1/16	1.0		7	61	C#4	4	357
42	41	123	0.25	5/8	5/8	3/4	1	1	1/16	1/16	1.0		4	64	E4	4	358
42	41	493/4	0.25	11/16	11/16	3/4	1	1	1/16	1/16	1.0		10	58	A#3	3	359
43	42	247/2	1.0	0	0	3/4	1	1	1/4	1/4	1.0		5	59	B3	3	360
43	42	249/2	0.5	1/4	1/4	3/4	1	1	1/8	1/8	1.0		5	47	B2	2	361
43	42	125	0.25	3/8	3/8	3/4	1	1	1/16	1/16	1.0		5	59	B3	3	362
43	42	501/4	0.25	7/16	7/16	3/4	1	1	1/16	1/16	1.0		7	61	C#4	4	363
43	42	251/2	0.5	1/2	1/2	3/4	1	1	1/8	1/8	1.0		2	62	D4	4	364
43	42	126	0.5	5/8	5/8	3/4	1	1	1/8	1/8	1.0		5	59	B3	3	365
44	43	253/2	0.5	0	0	3/4	1	1	1/8	1/8	1.0		8	68	G#4	4	366
44	43	127	0.5	1/8	1/8	3/4	1	1	1/8	1/8	1.0		2	62	D4	4	367
44	43	255/2	0.5	1/4	1/4	3/4	1	1	1/8	1/8	1.0		5	71	B4	4	368
44	43	128	0.25	3/8	3/8	3/4	1	1	1/16	1/16	1.0		3	69	A4	4	369
44	43	513/4	0.25	7/16	7/16	3/4	1	1	1/16	1/16	1.0		8	68	G#4	4	370
44	43	257/2	0.25	1/2	1/2	3/4	1	1	1/16	1/16	1.0		3	69	A4	4	371
44	43	515/4	0.25	9/16	9/16	3/4	1	1	1/16	1/16	1.0		8	68	G#4	4	372
44	43	129	0.25	5/8	5/8	3/4	1	1	1/16	1/16	1.0		6	66	F#4	4	373
44	43	517/4	0.25	11/16	11/16	3/4	1	1	1/16	1/16	1.0		4	64	E4	4	374
45	44	259/2	0.5	0	0	3/4	1	1	1/8	1/8	1.0		3	69	A4	4	375
45	44	130	0.25	1/8	1/8	3/4	1	1	1/16	1/16	1.0		7	61	C#4	4	376
45	44	521/4	0.25	3/16	3/16	3/4	1	1	1/16	1/16	1.0		2	62	D4	4	377
45	44	261/2	0.5	1/4	1/4	3/4	1	1	1/8	1/8	1.0		4	64	E4	4	378
45	44	131	0.5	3/8	3/8	3/4	1	1	1/8	1/8	1.0		3	57	A3	3	379
45	44	263/2	0.5	1/2	1/2	3/4	1	1	1/8	1/8	1.0		1	67	G4	4	380
45	44	132	0.5	5/8	5/8	3/4	1	1	1/8	1/8	1.0		7	61	C#4	4	381
46	45	265/2	0.5	0	0	3/4	1	1	1/8	1/8	1.0		6	66	F#4	4	382
46	45	133	0.5	1/8	1/8	3/4	1	1	1/8	1/8	1.0		0	60	C4	4	383
46	45	267/2	0.5	1/4	1/4	3/4	1	1	1/8	1/8	1.0		3	69	A4	4	384
46	45	134	0.25	3/8	3/8	3/4	1	1	1/16	1/16	1.0		1	67	G4	4	385
46	45	537/4	0.25	7/16	7/16	3/4	1	1	1/16	1/16	1.0		6	66	F#4	4	386
46	45	269/2	0.25	1/2	1/2	3/4	1	1	1/16	1/16	1.0		1	67	G4	4	387
46	45	539/4	0.25	9/16	9/16	3/4	1	1	1/16	1/16	1.0		6	66	F#4	4	388
46	45	135	0.25	5/8	5/8	3/4	1	1	1/16	1/16	1.0		4	64	E4	4	389
46	45	541/4	0.25	11/16	11/16	3/4	1	1	1/16	1/16	1.0		2	62	D4	4	390
47	46	271/2	0.5	0	0	3/4	1	1	1/8	1/8	1.0		1	67	G4	4	391
47	46	136	0.25	1/8	1/8	3/4	1	1	1/16	1/16	1.0		5	59	B3	3	392
47	46	545/4	0.25	3/16	3/16	3/4	1	1	1/16	1/16	1.0		0	60	C4	4	393
47	46	273/2	0.5	1/4	1/4	3/4	1	1	1/8	1/8	1.0		2	62	D4	4	394
47	46	137	0.5	3/8	3/8	3/4	1	1	1/8	1/8	1.0		1	55	G3	3	395
47	46	275/2	0.5	1/2	1/2	3/4	1	1	1/8	1/8	1.0		5	59	B3	3	396
47	46	138	0.5	5/8	5/8	3/4	1	1	1/8	1/8	1.0		6	54	F#3	3	397
48	47	277/2	0.5	0	0	3/4	1	1	1/8	1/8	1.0		4	52	E3	3	398
48	47	139	0.25	1/8	1/8	3/4	1	1	1/16	1/16	1.0		7	61	C#4	4	399
48	47	557/4	0.25	3/16	3/16	3/4	1	1	1/16	1/16	1.0		2	62	D4	4	400
48	47	279/2	0.5	1/4	1/4	3/4	1	1	1/8	1/8	1.0		4	64	E4	4	401
48	47	140	0.5	3/8	3/8	3/4	1	1	1/8	1/8	1.0		3	57	A3	3	402
48	47	281/2	0.5	1/2	1/2	3/4	1	1	1/8	1/8	1.0		1	67	G4	4	403
48	47	141	0.5	5/8	5/8	3/4	1	1	1/8	1/8	1.0		2	50	D3	3	404
49	48	283/2	0.5	0	0	3/4	1	1	1/8	1/8	1.0		7	49	C#3	3	405
49	48	142	0.25	1/8	1/8	3/4	1	1	1/16	1/16	1.0		7	61	C#4	4	406
49	48	569/4	0.25	3/16	3/16	3/4	1	1	1/16	1/16	1.0		2	62	D4	4	407
49	48	285/2	0.5	1/4	1/4	3/4	1	1	1/8	1/8	1.0		4	64	E4	4	408
49	48	143	0.5	3/8	3/8	3/4	1	1	1/8	1/8	1.0		3	57	A3	3	409
49	48	287/2	0.5	1/2	1/2	3/4	1	1	1/8	1/8	1.0		1	67	G4	4	410
49	48	144	0.5	5/8	5/8	3/4	1	1	1/8	1/8	1.0		3	45	A2	2	411
50	49	289/2	0.5	0	0	3/4	1	1	1/8	1/8	1.0		2	50	D3	3	412
50	49	145	0.25	1/8	1/8	3/4	1	1	1/16	1/16	1.0		6	66	F#4	4	413
50	49	581/4	0.25	3/16	3/16	3/4	1	1	1/16	1/16	1.0		4	64	E4	4	414
50	49	291/2	0.25	1/4	1/4	3/4	1	1	1/16	1/16	1.0		1	67	G4	4	415
50	49	583/4	0.25	5/16	5/16	3/4	1	1	1/16	1/16	1.0		6	66	F#4	4	416
50	49	146	0.25	3/8	3/8	3/4	1	1	1/16	1/16	1.0		4	64	E4	4	417
50	49	585/4	0.25	7/16	7/16	3/4	1	1	1/16	1/16	1.0		2	62	D4	4	418
50	49	293/2	0.25	1/2	1/2	3/4	1	1	1/16	1/16	1.0		4	64	E4	4	419
50	49	587/4	0.25	9/16	9/16	3/4	1	1	1/16	1/16	1.0		2	62	D4	4	420
50	49	147	0.25	5/8	5/8	3/4	1	1	1/16	1/16	1.0		7	61	C#4	4	421
50	49	589/4	0.25	11/16	11/16	3/4	1	1	1/16	1/16	1.0		5	59	B3	3	422
51	50	295/2	0.25	0	0	3/4	1	1	1/16	1/16	1.0		7	61	C#4	4	423
51	50	591/4	0.25	1/16	1/16	3/4	1	1	1/16	1/16	1.0		5	59	B3	3	424
51	50	148	0.25	1/8	1/8	3/4	1	1	1/16	1/16	1.0		3	57	A3	3	425
51	50	593/4	0.25	3/16	3/16	3/4	1	1	1/16	1/16	1.0		1	55	G3	3	426
51	50	297/2	0.25	1/4	1/4	3/4	1	1	1/16	1/16	1.0		3	57	A3	3	427
51	50	595/4	0.25	5/16	5/16	3/4	1	1	1/16	1/16	1.0		1	55	G3	3	428
51	50	149	0.25	3/8	3/8	3/4	1	1	1/16	1/16	1.0		6	54	F#3	3	429
51	50	597/4	0.25	7/16	7/16	3/4	1	1	1/16	1/16	1.0		4	52	E3	3	430
51	50	299/2	0.25	1/2	1/2	3/4	1	1	1/16	1/16	1.0		6	54	F#3	3	431
51	50	599/4	0.25	9/16	9/16	3/4	1	1	1/16	1/16	1.0		4	52	E3	3	432
51	50	150	0.25	5/8	5/8	3/4	1	1	1/16	1/16	1.0		2	50	D3	3	433
51	50	601/4	0.25	11/16	11/16	3/4	1	1	1/16	1/16	1.0		7	49	C#3	3	434
52	51	301/2	0.5	0	0	3/4	1	1	1/8	1/8	1.0		2	50	D3	3	435
52	51	151	0.25	1/8	1/8	3/4	1	1	1/16	1/16	1.0		5	47	B2	2	436
52	51	605/4	0.25	3/16	3/16	3/4	1	1	1/16	1/16	1.0		7	49	C#3	3	437
52	51	303/2	0.25	1/4	1/4	3/4	1	1	1/16	1/16	1.0		2	50	D3	3	438
52	51	607/4	0.25	5/16	5/16	3/4	1	1	1/16	1/16	1.0		4	52	E3	3	439
52	51	152	0.25	3/8	3/8	3/4	1	1	1/16	1/16	1.0		6	54	F#3	3	440
52	51	609/4	0.25	7/16	7/16	3/4	1	1	1/16	1/16	1.0		4	52	E3	3	441
52	51	305/2	0.25	1/2	1/2	3/4	1	1	1/16	1/16	1.0		1	55	G3	3	442
52	51	611/4	0.25	9/16	9/16	3/4	1	1	1/16	1/16	1.0		6	54	F#3	3	443
52	51	153	0.25	5/8	5/8	3/4	1	1	1/16	1/16	1.0		3	57	A3	3	444
52	51	613/4	0.25	11/16	11/16	3/4	1	1	1/16	1/16	1.0		8	56	G#3	3	445
53	52	307/2	0.5	0	0	3/4	1	1	1/8	1/8	1.0		3	57	A3	3	446
53	52	154	0.25	1/8	1/8	3/4	1	1	1/16	1/16	1.0		7	49	C#3	3	447
53	52	617/4	0.25	3/16	3/16	3/4	1	1	1/16	1/16	1.0		2	50	D3	3	448
53	52	309/2	0.25	1/4	1/4	3/4	1	1	1/16	1/16	1.0		4	52	E3	3	449
53	52	619/4	0.25	5/16	5/16	3/4	1	1	1/16	1/16	1.0		6	54	F#3	3	450
53	52	155	0.25	3/8	3/8	3/4	1	1	1/16	1/16	1.0		1	55	G3	3	451
53	52	621/4	0.25	7/16	7/16	3/4	1	1	1/16	1/16	1.0		6	54	F#3	3	452
53	52	311/2	0.25	1/2	1/2	3/4	1	1	1/16	1/16	1.0		3	57	A3	3	453
53	52	623/4	0.25	9/16	9/16	3/4	1	1	1/16	1/16	1.0		8	56	G#3	3	454
53	52	156	0.25	5/8	5/8	3/4	1	1	1/16	1/16	1.0		5	59	B3	3	455
53	52	625/4	0.25	11/16	11/16	3/4	1	1	1/16	1/16	1.0		10	58	A#3	3	456
54	53	313/2	0.5	0	0	3/4	1	1	1/8	1/8	1.0		5	59	B3	3	457
54	53	157	0.25	1/8	1/8	3/4	1	1	1/16	1/16	1.0		2	50	D3	3	458
54	53	629/4	0.25	3/16	3/16	3/4	1	1	1/16	1/16	1.0		4	52	E3	3	459
54	53	315/2	0.5	1/4	1/4	3/4	1	1	1/8	1/8	1.0		6	54	F#3	3	460
54	53	158	0.5	3/8	3/8	3/4	1	1	1/8	1/8	1.0		5	59	B3	3	461
54	53	317/2	0.5	1/2	1/2	3/4	1	1	1/8	1/8	1.0		9	51	D#3	3	462
54	53	159	0.5	5/8	5/8	3/4	1	1	1/8	1/8	1.0		5	59	B3	3	463
55	54	319/2	0.5	0	0	3/4	1	1	1/8	1/8	1.0		0	60	C4	4	464
55	54	160	0.25	1/8	1/8	3/4	1	1	1/16	1/16	1.0		4	52	E3	3	465
55	54	641/4	0.25	3/16	3/16	3/4	1	1	1/16	1/16	1.0		6	54	F#3	3	466
55	54	321/2	0.5	1/4	1/4	3/4	1	1	1/8	1/8	1.0		1	55	G3	3	467
55	54	161	0.5	3/8	3/8	3/4	1	1	1/8	1/8	1.0		0	60	C4	4	468
55	54	323/2	0.5	1/2	1/2	3/4	1	1	1/8	1/8	1.0		4	52	E3	3	469
55	54	162	0.5	5/8	5/8	3/4	1	1	1/8	1/8	1.0		7	61	C#4	4	470
56	55	325/2	0.5	0	0	3/4	1	1	1/8	1/8	1.0		2	62	D4	4	471
56	55	163	0.25	1/8	1/8	3/4	1	1	1/16	1/16	1.0		6	54	F#3	3	472
56	55	653/4	0.25	3/16	3/16	3/4	1	1	1/16	1/16	1.0		1	55	G3	3	473
56	55	327/2	0.5	1/4	1/4	3/4	1	1	1/8	1/8	1.0		3	57	A3	3	474
56	55	164	0.25	3/8	3/8	3/4	1	1	1/16	1/16	1.0		3	57	A3	3	475
56	55	657/4	0.25	7/16	7/16	3/4	1	1	1/16	1/16	1.0		5	59	B3	3	476
56	55	329/2	0.5	1/2	1/2	3/4	1	1	1/8	1/8	1.0		0	60	C4	4	477
56	55	165	0.25	5/8	5/8	3/4	1	1	1/16	1/16	1.0		3	69	A4	4	478
56	55	661/4	0.25	11/16	11/16	3/4	1	1	1/16	1/16	1.0		0	60	C4	4	479
57	56	331/2	0.5	0	0	3/4	1	1	1/8	1/8	1.0		1	43	G2	2	480
57	56	166	0.25	1/8	1/8	3/4	1	1	1/16	1/16	1.0		5	59	B3	3	481
57	56	665/4	0.25	3/16	3/16	3/4	1	1	1/16	1/16	1.0		3	57	A3	3	482
57	56	333/2	0.5	1/4	1/4	3/4	1	1	1/8	1/8	1.0		5	59	B3	3	483
57	56	167	0.25	3/8	3/8	3/4	1	1	1/16	1/16	1.0		5	59	B3	3	484
57	56	669/4	0.25	7/16	7/16	3/4	1	1	1/16	1/16	1.0		7	61	C#4	4	485
57	56	335/2	0.5	1/2	1/2	3/4	1	1	1/8	1/8	1.0		2	62	D4	4	486
57	56	168	0.25	5/8	5/8	3/4	1	1	1/16	1/16	1.0		5	71	B4	4	487
57	56	673/4	0.25	11/16	11/16	3/4	1	1	1/16	1/16	1.0		2	62	D4	4	488
58	57	337/2	0.25	0	0	3/4	1	1	1/16	1/16	1.0		7	61	C#4	4	489
58	57	675/4	0.25	1/16	1/16	3/4	1	1	1/16	1/16	1.0		1	55	G3	3	490
58	57	169	0.25	1/8	1/8	3/4	1	1	1/16	1/16	1.0		7	61	C#4	4	491
58	57	677/4	0.25	3/16	3/16	3/4	1	1	1/16	1/16	1.0		4	64	E4	4	492
58	57	339/2	0.5	1/4	1/4	3/4	1	1	1/8	1/8	1.0		3	69	A4	4	493
58	57	170	0.25	3/8	3/8	3/4	1	1	1/16	1/16	1.0		1	55	G3	3	494
58	57	681/4	0.25	7/16	7/16	3/4	1	1	1/16	1/16	1.0		6	54	F#3	3	495
58	57	341/2	0.25	1/2	1/2	3/4	1	1	1/16	1/16	1.0		3	57	A3	3	496
58	57	683/4	0.25	9/16	9/16	3/4	1	1	1/16	1/16	1.0		1	55	G3	3	497
58	57	171	0.25	5/8	5/8	3/4	1	1	1/16	1/16	1.0		6	54	F#3	3	498
58	57	685/4	0.25	11/16	11/16	3/4	1	1	1/16	1/16	1.0		4	52	E3	3	499
59	58	343/2	0.5	0	0	3/4	1	1	1/8	1/8	1.0		6	54	F#3	3	500
59	58	172	0.5	1/8	1/8	3/4	1	1	1/8	1/8	1.0		2	62	D4	4	501
59	58	345/2	0.5	1/4	1/4	3/4	1	1	1/8	1/8	1.0		3	69	A4	4	502
59	58	173	0.25	3/8	3/8	3/4	1	1	1/16	1/16	1.0		6	54	F#3	3	503
59	58	693/4	0.25	7/16	7/16	3/4	1	1	1/16	1/16	1.0		4	52	E3	3	504
59	58	347/2	0.25	1/2	1/2	3/4	1	1	1/16	1/16	1.0		1	55	G3	3	505
59	58	695/4	0.25	9/16	9/16	3/4	1	1	1/16	1/16	1.0		6	54	F#3	3	506
59	58	174	0.25	5/8	5/8	3/4	1	1	1/16	1/16	1.0		4	52	E3	3	507
59	58	697/4	0.25	11/16	11/16	3/4	1	1	1/16	1/16	1.0		2	50	D3	3	508
60	59	349/2	0.5	0	0	3/4	1	1	1/8	1/8	1.0		4	52	E3	3	509
60	59	175	0.5	1/8	1/8	3/4	1	1	1/8	1/8	1.0		7	61	C#4	4	510
60	59	351/2	0.25	1/4	1/4	3/4	1	1	1/16	1/16	1.0		3	69	A4	4	511
60	59	703/4	0.25	5/16	5/16	3/4	1	1	1/16	1/16	1.0		1	55	G3	3	512
60	59	176	0.25	3/8	3/8	3/4	1	1	1/16	1/16	1.0		6	54	F#3	3	513
60	59	705/4	0.25	7/16	7/16	3/4	1	1	1/16	1/16	1.0		4	52	E3	3	514
60	59	353/2	0.25	1/2	1/2	3/4	1	1	1/16	1/16	1.0		2	50	D3	3	515
60	59	707/4	0.25	9/16	9/16	3/4	1	1	1/16	1/16	1.0		4	52	E3	3	516
60	59	177	0.25	5/8	5/8	3/4	1	1	1/16	1/16	1.0		6	54	F#3	3	517
60	59	709/4	0.25	11/16	11/16	3/4	1	1	1/16	1/16	1.0		1	55	G3	3	518
61	60	355/2	0.25	0	0	3/4	1	1	1/16	1/16	1.0		6	54	F#3	3	519
61	60	711/4	0.25	1/16	1/16	3/4	1	1	1/16	1/16	1.0		1	55	G3	3	520
61	60	178	0.25	1/8	1/8	3/4	1	1	1/16	1/16	1.0		3	57	A3	3	521
61	60	713/4	0.25	3/16	3/16	3/4	1	1	1/16	1/16	1.0		5	59	B3	3	522
61	60	357/2	0.25	1/4	1/4	3/4	1	1	1/16	1/16	1.0		3	57	A3	3	523
61	60	715/4	0.25	5/16	5/16	3/4	1	1	1/16	1/16	1.0		5	59	B3	3	524
61	60	179	0.25	3/8	3/8	3/4	1	1	1/16	1/16	1.0		3	57	A3	3	525
61	60	717/4	0.25	7/16	7/16	3/4	1	1	1/16	1/16	1.0		1	55	G3	3	526
61	60	359/2	0.25	1/2	1/2	3/4	1	1	1/16	1/16	1.0		6	54	F#3	3	527
61	60	719/4	0.25	9/16	9/16	3/4	1	1	1/16	1/16	1.0		1	55	G3	3	528
61	60	180	0.25	5/8	5/8	3/4	1	1	1/16	1/16	1.0		3	57	A3	3	529
61	60	721/4	0.25	11/16	11/16	3/4	1	1	1/16	1/16	1.0		5	59	B3	3	530
62	61	361/2	0.25	0	0	3/4	1	1	1/16	1/16	1.0		3	57	A3	3	531
62	61	723/4	0.25	1/16	1/16	3/4	1	1	1/16	1/16	1.0		5	59	B3	3	532
62	61	181	0.25	1/8	1/8	3/4	1	1	1/16	1/16	1.0		7	61	C#4	4	533
62	61	725/4	0.25	3/16	3/16	3/4	1	1	1/16	1/16	1.0		2	62	D4	4	534
62	61	363/2	0.25	1/4	1/4	3/4	1	1	1/16	1/16	1.0		7	61	C#4	4	535
62	61	727/4	0.25	5/16	5/16	3/4	1	1	1/16	1/16	1.0		2	62	D4	4	536
62	61	182	0.25	3/8	3/8	3/4	1	1	1/16	1/16	1.0		7	61	C#4	4	537
62	61	729/4	0.25	7/16	7/16	3/4	1	1	1/16	1/16	1.0		5	59	B3	3	538
62	61	365/2	0.25	1/2	1/2	3/4	1	1	1/16	1/16	1.0		3	57	A3	3	539
62	61	731/4	0.25	9/16	9/16	3/4	1	1	1/16	1/16	1.0		5	59	B3	3	540
62	61	183	0.25	5/8	5/8	3/4	1	1	1/16	1/16	1.0		7	61	C#4	4	541
62	61	733/4	0.25	11/16	11/16	3/4	1	1	1/16	1/16	1.0		2	62	D4	4	542
63	62	367/2	0.25	0	0	3/4	1	1	1/16	1/16	1.0		7	61	C#4	4	543
63	62	735/4	0.25	1/16	1/16	3/4	1	1	1/16	1/16	1.0		2	62	D4	4	544
63	62	184	0.25	1/8	1/8	3/4	1	1	1/16	1/16	1.0		4	64	E4	4	545
63	62	737/4	0.25	3/16	3/16	3/4	1	1	1/16	1/16	1.0		6	66	F#4	4	546
63	62	369/2	0.25	1/4	1/4	3/4	1	1	1/16	1/16	1.0		4	64	E4	4	547
63	62	739/4	0.25	5/16	5/16	3/4	1	1	1/16	1/16	1.0		6	66	F#4	4	548
63	62	185	0.25	3/8	3/8	3/4	1	1	1/16	1/16	1.0		4	64	E4	4	549
63	62	741/4	0.25	7/16	7/16	3/4	1	1	1/16	1/16	1.0		2	62	D4	4	550
63	62	371/2	0.25	1/2	1/2	3/4	1	1	1/16	1/16	1.0		7	61	C#4	4	551
63	62	743/4	0.25	9/16	9/16	3/4	1	1	1/16	1/16	1.0		2	62	D4	4	552
63	62	186	0.25	5/8	5/8	3/4	1	1	1/16	1/16	1.0		4	64	E4	4	553
63	62	745/4	0.25	11/16	11/16	3/4	1	1	1/16	1/16	1.0		6	66	F#4	4	554
64	63	373/2	0.25	0	0	3/4	1	1	1/16	1/16	1.0		4	64	E4	4	555
64	63	747/4	0.25	1/16	1/16	3/4	1	1	1/16	1/16	1.0		6	66	F#4	4	556
64	63	187	0.25	1/8	1/8	3/4	1	1	1/16	1/16	1.0		1	67	G4	4	557
64	63	749/4	0.25	3/16	3/16	3/4	1	1	1/16	1/16	1.0		3	69	A4	4	558
64	63	375/2	0.25	1/4	1/4	3/4	1	1	1/16	1/16	1.0		1	67	G4	4	559
64	63	751/4	0.25	5/16	5/16	3/4	1	1	1/16	1/16	1.0		6	66	F#4	4	560
64	63	188	0.25	3/8	3/8	3/4	1	1	1/16	1/16	1.0		4	64	E4	4	561
64	63	753/4	0.25	7/16	7/16	3/4	1	1	1/16	1/16	1.0		2	62	D4	4	562
64	63	377/2	0.25	1/2	1/2	3/4	1	1	1/16	1/16	1.0		7	61	C#4	4	563
64	63	755/4	0.25	9/16	9/16	3/4	1	1	1/16	1/16	1.0		5	59	B3	3	564
64	63	189	0.25	5/8	5/8	3/4	1	1	1/16	1/16	1.0		3	57	A3	3	565
64	63	757/4	0.25	11/16	11/16	3/4	1	1	1/16	1/16	1.0		1	55	G3	3	566
65	64	379/2	0.5	0	0	3/4	1	1	1/8	1/8	1.0		6	54	F#3	3	567
65	64	190	0.25	1/8	1/8	3/4	1	1	1/16	1/16	1.0		2	50	D3	3	568
65	64	761/4	0.25	3/16	3/16	3/4	1	1	1/16	1/16	1.0		4	52	E3	3	569
65	64	381/2	0.5	1/4	1/4	3/4	1	1	1/8	1/8	1.0		6	54	F#3	3	570
65	64	191	0.5	3/8	3/8	3/4	1	1	1/8	1/8	1.0		2	50	D3	3	571
65	64	383/2	0.5	1/2	1/2	3/4	1	1	1/8	1/8	1.0		3	57	A3	3	572
65	64	192	0.5	5/8	5/8	3/4	1	1	1/8	1/8	1.0		6	54	F#3	3	573
66	65	385/2	0.5	0	0	3/4	1	1	1/8	1/8	1.0		2	62	D4	4	574
66	65	193	0.25	1/8	1/8	3/4	1	1	1/16	1/16	1.0		5	47	B2	2	575
66	65	773/4	0.25	3/16	3/16	3/4	1	1	1/16	1/16	1.0		7	49	C#3	3	576
66	65	387/2	0.5	1/4	1/4	3/4	1	1	1/8	1/8	1.0		2	50	D3	3	577
66	65	194	0.5	3/8	3/8	3/4	1	1	1/8	1/8	1.0		5	47	B2	2	578
66	65	389/2	0.5	1/2	1/2	3/4	1	1	1/8	1/8	1.0		6	54	F#3	3	579
66	65	195	0.5	5/8	5/8	3/4	1	1	1/8	1/8	1.0		2	50	D3	3	580
67	66	391/2	0.5	0	0	3/4	1	1	1/8	1/8	1.0		2	62	D4	4	581
67	66	196	0.25	1/8	1/8	3/4	1	1	1/16	1/16	1.0		6	42	F#2	2	582
67	66	785/4	0.25	3/16	3/16	3/4	1	1	1/16	1/16	1.0		1	43	G2	2	583
67	66	393/2	0.5	1/4	1/4	3/4	1	1	1/8	1/8	1.0		3	45	A2	2	584
67	66	197	0.5	3/8	3/8	3/4	1	1	1/8	1/8	1.0		6	42	F#2	2	585
67	66	395/2	0.5	1/2	1/2	3/4	1	1	1/8	1/8	1.0		2	50	D3	3	586
67	66	198	0.5	5/8	5/8	3/4	1	1	1/8	1/8	1.0		3	45	A2	2	587
68	67	397/2	0.25	0	0	3/4	1	1	1/16	1/16	1.0		5	47	B2	2	588
68	67	795/4	0.25	1/16	1/16	3/4	1	1	1/16	1/16	1.0		3	45	A2	2	589
68	67	199	0.25	1/8	1/8	3/4	1	1	1/16	1/16	1.0		1	43	G2	2	590
68	67	797/4	0.25	3/16	3/16	3/4	1	1	1/16	1/16	1.0		6	42	F#2	2	591
68	67	399/2	0.25	1/4	1/4	3/4	1	1	1/16	1/16	1.0		1	43	G2	2	592
68	67	799/4	0.25	5/16	5/16	3/4	1	1	1/16	1/16	1.0		4	40	E2	2	593
68	67	200	0.25	3/8	3/8	3/4	1	1	1/16	1/16	1.0		7	49	C#3	3	594
68	67	801/4	0.25	7/16	7/16	3/4	1	1	1/16	1/16	1.0		5	47	B2	2	595
68	67	401/2	0.25	1/2	1/2	3/4	1	1	1/16	1/16	1.0		2	50	D3	3	596
68	67	803/4	0.25	9/16	9/16	3/4	1	1	1/16	1/16	1.0		7	49	C#3	3	597
68	67	201	0.25	5/8	5/8	3/4	1	1	1/16	1/16	1.0		5	47	B2	2	598
68	67	805/4	0.25	11/16	11/16	3/4	1	1	1/16	1/16	1.0		3	45	A2	2	599
69	68	403/2	0.25	0	0	3/4	1	1	1/16	1/16	1.0		4	52	E3	3	600
69	68	807/4	0.25	1/16	1/16	3/4	1	1	1/16	1/16	1.0		2	50	D3	3	601
69	68	202	0.25	1/8	1/8	3/4	1	1	1/16	1/16	1.0		7	49	C#3	3	602
69	68	809/4	0.25	3/16	3/16	3/4	1	1	1/16	1/16	1.0		5	47	B2	2	603
69	68	405/2	0.25	1/4	1/4	3/4	1	1	1/16	1/16	1.0		7	49	C#3	3	604
69	68	811/4	0.25	5/16	5/16	3/4	1	1	1/16	1/16	1.0		3	45	A2	2	605
69	68	203	0.25	3/8	3/8	3/4	1	1	1/16	1/16	1.0		6	54	F#3	3	606
69	68	813/4	0.25	7/16	7/16	3/4	1	1	1/16	1/16	1.0		4	52	E3	3	607
69	68	407/2	0.25	1/2	1/2	3/4	1	1	1/16	1/16	1.0		1	55	G3	3	608
69	68	815/4	0.25	9/16	9/16	3/4	1	1	1/16	1/16	1.0		6	54	F#3	3	609
69	68	204	0.25	5/8	5/8	3/4	1	1	1/16	1/16	1.0		4	52	E3	3	610
69	68	817/4	0.25	11/16	11/16	3/4	1	1	1/16	1/16	1.0		2	50	D3	3	611
70	69	409/2	0.25	0	0	3/4	1	1	1/16	1/16	1.0		3	57	A3	3	612
70	69	819/4	0.25	1/16	1/16	3/4	1	1	1/16	1/16	1.0		1	55	G3	3	613
70	69	205	0.25	1/8	1/8	3/4	1	1	1/16	1/16	1.0		6	54	F#3	3	614
70	69	821/4	0.25	3/16	3/16	3/4	1	1	1/16	1/16	1.0		4	52	E3	3	615
70	69	411/2	0.25	1/4	1/4	3/4	1	1	1/16	1/16	1.0		6	54	F#3	3	616
70	69	823/4	0.25	5/16	5/16	3/4	1	1	1/16	1/16	1.0		2	50	D3	3	617
70	69	206	0.25	3/8	3/8	3/4	1	1	1/16	1/16	1.0		5	59	B3	3	618
70	69	825/4	0.25	7/16	7/16	3/4	1	1	1/16	1/16	1.0		3	57	A3	3	619
70	69	413/2	0.25	1/2	1/2	3/4	1	1	1/16	1/16	1.0		0	60	C4	4	620
70	69	827/4	0.25	9/16	9/16	3/4	1	1	1/16	1/16	1.0		5	59	B3	3	621
70	69	207	0.25	5/8	5/8	3/4	1	1	1/16	1/16	1.0		3	57	A3	3	622
70	69	829/4	0.25	11/16	11/16	3/4	1	1	1/16	1/16	1.0		1	55	G3	3	623
71	70	415/2	0.5	0	0	3/4	1	1	1/8	1/8	1.0		4	64	E4	4	624
71	70	208	0.25	1/8	1/8	3/4	1	1	1/16	1/16	1.0		7	61	C#4	4	625
71	70	833/4	0.25	3/16	3/16	3/4	1	1	1/16	1/16	1.0		2	62	D4	4	626
71	70	417/2	0.5	1/4	1/4	3/4	1	1	1/8	1/8	1.0		4	64	E4	4	627
71	70	209	0.5	3/8	3/8	3/4	1	1	1/8	1/8	1.0		3	57	A3	3	628
71	70	419/2	0.5	1/2	1/2	3/4	1	1	1/8	1/8	1.0		7	61	C#4	4	629
71	70	210	0.5	5/8	5/8	3/4	1	1	1/8	1/8	1.0		1	55	G3	3	630
72	71	421/2	0.5	0	0	3/4	1	1	1/8	1/8	1.0		6	54	F#3	3	631
72	71	211	0.25	1/8	1/8	3/4	1	1	1/16	1/16	1.0		2	50	D3	3	632
72	71	845/4	0.25	3/16	3/16	3/4	1	1	1/16	1/16	1.0		4	52	E3	3	633
72	71	423/2	0.5	1/4	1/4	3/4	1	1	1/8	1/8	1.0		6	54	F#3	3	634
72	71	212	0.5	3/8	3/8	3/4	1	1	1/8	1/8	1.0		3	45	A2	2	635
72	71	425/2	0.5	1/2	1/2	3/4	1	1	1/8	1/8	1.0		7	49	C#3	3	636
72	71	213	0.5	5/8	5/8	3/4	1	1	1/8	1/8	1.0		1	43	G2	2	637
73	72	427/2	2.0	0	0	3/4	1	1	1/2	1/2	1.0		2	38	D2	2	638
